This is the data file used for calibration of the shaker
Frequency	Amplitude	UpdateRate	Duration
(Hz)	(Volts)	(Hz)	(Sec)
10.0000	0.10000	10000	1.0000
/ 199	0	10000	1
20	0.1	10000	1
199	0	10000	1
20	0.2	10000	1
199	0	10000	1
20	0.3	10000	1
199	0	10000	1
20	0.4	10000	1
199	0	10000	1
20	0.5	10000	1
199	0	10000	1
20	0.6	10000	1
199	0	10000	1
20	0.7	10000	1
199	0	10000	1
20	0.8	10000	1
199	0	10000	1
20	0.9	10000	1
199	0	10000	1
20	1	10000	1
199	0	10000	1
20	1.1	10000	1
199	0	10000	1
20	1.2	10000	1
199	0	10000	1
20	1.3	10000	1
199	0	10000	1
20	1.4	10000	1
199	0	10000	1
20	1.5	10000	1
199	0	10000	1
20	1.6	10000	1
199	0	10000	1
20	1.7	10000	1
199	0	10000	1
20	1.8	10000	1
199	0	10000	1
20	1.9	10000	1
199	0	10000	1
20	2	10000	1
199	0	10000	1
33	0.1	10000	1
199	0	10000	1
33	0.2	10000	1
199	0	10000	1
33	0.3	10000	1
199	0	10000	1
33	0.4	10000	1
199	0	10000	1
33	0.5	10000	1
199	0	10000	1
33	0.6	10000	1
199	0	10000	1
33	0.7	10000	1
199	0	10000	1
33	0.8	10000	1
199	0	10000	1
33	0.9	10000	1
199	0	10000	1
33	1	10000	1
199	0	10000	1
33	1.1	10000	1
199	0	10000	1
33	1.2	10000	1
199	0	10000	1
33	1.3	10000	1
199	0	10000	1
33	1.4	10000	1
199	0	10000	1
33	1.5	10000	1
199	0	10000	1
33	1.6	10000	1
199	0	10000	1
33	1.7	10000	1
199	0	10000	1
33	1.8	10000	1
199	0	10000	1
33	1.9	10000	1
199	0	10000	1
33	2	10000	1
199	0	10000	1
47	0.1	10000	1
199	0	10000	1
47	0.2	10000	1
199	0	10000	1
47	0.3	10000	1
199	0	10000	1
47	0.4	10000	1
199	0	10000	1
47	0.5	10000	1
199	0	10000	1
47	0.6	10000	1
199	0	10000	1
47	0.7	10000	1
199	0	10000	1
47	0.8	10000	1
199	0	10000	1
47	0.9	10000	1
199	0	10000	1
47	1	10000	1
199	0	10000	1
47	1.1	10000	1
199	0	10000	1
47	1.2	10000	1
199	0	10000	1
47	1.3	10000	1
199	0	10000	1
47	1.4	10000	1
199	0	10000	1
47	1.5	10000	1
199	0	10000	1
47	1.6	10000	1
199	0	10000	1
47	1.7	10000	1
199	0	10000	1
47	1.8	10000	1
199	0	10000	1
47	1.9	10000	1
199	0	10000	1
47	2	10000	1
199	0	10000	1
63	0.1	10000	1
199	0	10000	1
63	0.2	10000	1
199	0	10000	1
63	0.3	10000	1
199	0	10000	1
63	0.4	10000	1
199	0	10000	1
63	0.5	10000	1
199	0	10000	1
63	0.6	10000	1
199	0	10000	1
63	0.7	10000	1
199	0	10000	1
63	0.8	10000	1
199	0	10000	1
63	0.9	10000	1
199	0	10000	1
63	1	10000	1
199	0	10000	1
63	1.1	10000	1
199	0	10000	1
63	1.2	10000	1
199	0	10000	1
63	1.3	10000	1
199	0	10000	1
63	1.4	10000	1
199	0	10000	1
63	1.5	10000	1
199	0	10000	1
63	1.6	10000	1
199	0	10000	1
63	1.7	10000	1
199	0	10000	1
63	1.8	10000	1
199	0	10000	1
63	1.9	10000	1
199	0	10000	1
63	2	10000	1
199	0	10000	1
82	0.1	10000	1
199	0	10000	1
82	0.2	10000	1
199	0	10000	1
82	0.3	10000	1
199	0	10000	1
82	0.4	10000	1
199	0	10000	1
82	0.5	10000	1
199	0	10000	1
82	0.6	10000	1
199	0	10000	1
82	0.7	10000	1
199	0	10000	1
82	0.8	10000	1
199	0	10000	1
82	0.9	10000	1
199	0	10000	1
82	1	10000	1
199	0	10000	1
82	1.1	10000	1
199	0	10000	1
82	1.2	10000	1
199	0	10000	1
82	1.3	10000	1
199	0	10000	1
82	1.4	10000	1
199	0	10000	1
82	1.5	10000	1
199	0	10000	1
82	1.6	10000	1
199	0	10000	1
82	1.7	10000	1
199	0	10000	1
82	1.8	10000	1
199	0	10000	1
82	1.9	10000	1
199	0	10000	1
82	2	10000	1
199	0	10000	1
104	0.1	10000	1
199	0	10000	1
104	0.2	10000	1
199	0	10000	1
104	0.3	10000	1
199	0	10000	1
104	0.4	10000	1
199	0	10000	1
104	0.5	10000	1
199	0	10000	1
104	0.6	10000	1
199	0	10000	1
104	0.7	10000	1
199	0	10000	1
104	0.8	10000	1
199	0	10000	1
104	0.9	10000	1
199	0	10000	1
104	1	10000	1
199	0	10000	1
104	1.1	10000	1
199	0	10000	1
104	1.2	10000	1
199	0	10000	1
104	1.3	10000	1
199	0	10000	1
104	1.4	10000	1
199	0	10000	1
104	1.5	10000	1
199	0	10000	1
104	1.6	10000	1
199	0	10000	1
104	1.7	10000	1
199	0	10000	1
104	1.8	10000	1
199	0	10000	1
104	1.9	10000	1
199	0	10000	1
104	2	10000	1
199	0	10000	1
131	0.1	10000	1
199	0	10000	1
131	0.2	10000	1
199	0	10000	1
131	0.3	10000	1
199	0	10000	1
131	0.4	10000	1
199	0	10000	1
131	0.5	10000	1
199	0	10000	1
131	0.6	10000	1
199	0	10000	1
131	0.7	10000	1
199	0	10000	1
131	0.8	10000	1
199	0	10000	1
131	0.9	10000	1
199	0	10000	1
131	1	10000	1
199	0	10000	1
131	1.1	10000	1
199	0	10000	1
131	1.2	10000	1
199	0	10000	1
131	1.3	10000	1
199	0	10000	1
131	1.4	10000	1
199	0	10000	1
131	1.5	10000	1
199	0	10000	1
131	1.6	10000	1
199	0	10000	1
131	1.7	10000	1
199	0	10000	1
131	1.8	10000	1
199	0	10000	1
131	1.9	10000	1
199	0	10000	1
131	2	10000	1
199	0	10000	1
161	0.1	10000	1
199	0	10000	1
161	0.2	10000	1
199	0	10000	1
161	0.3	10000	1
199	0	10000	1
161	0.4	10000	1
199	0	10000	1
161	0.5	10000	1
199	0	10000	1
161	0.6	10000	1
199	0	10000	1
161	0.7	10000	1
199	0	10000	1
161	0.8	10000	1
199	0	10000	1
161	0.9	10000	1
199	0	10000	1
161	1	10000	1
199	0	10000	1
161	1.1	10000	1
199	0	10000	1
161	1.2	10000	1
199	0	10000	1
161	1.3	10000	1
199	0	10000	1
161	1.4	10000	1
199	0	10000	1
161	1.5	10000	1
199	0	10000	1
161	1.6	10000	1
199	0	10000	1
161	1.7	10000	1
199	0	10000	1
161	1.8	10000	1
199	0	10000	1
161	1.9	10000	1
199	0	10000	1
161	2	10000	1
199	0	10000	1
194	0.1	10000	1
199	0	10000	1
194	0.2	10000	1
199	0	10000	1
194	0.3	10000	1
199	0	10000	1
194	0.4	10000	1
199	0	10000	1
194	0.5	10000	1
199	0	10000	1
194	0.6	10000	1
199	0	10000	1
194	0.7	10000	1
199	0	10000	1
194	0.8	10000	1
199	0	10000	1
194	0.9	10000	1
199	0	10000	1
194	1	10000	1
199	0	10000	1
194	1.1	10000	1
199	0	10000	1
194	1.2	10000	1
199	0	10000	1
194	1.3	10000	1
199	0	10000	1
194	1.4	10000	1
199	0	10000	1
194	1.5	10000	1
199	0	10000	1
194	1.6	10000	1
199	0	10000	1
194	1.7	10000	1
199	0	10000	1
194	1.8	10000	1
199	0	10000	1
194	1.9	10000	1
199	0	10000	1
194	2	10000	1
199	0	10000	1
229	0.1	10000	1
199	0	10000	1
229	0.2	10000	1
199	0	10000	1
229	0.3	10000	1
199	0	10000	1
229	0.4	10000	1
199	0	10000	1
229	0.5	10000	1
199	0	10000	1
229	0.6	10000	1
199	0	10000	1
229	0.7	10000	1
199	0	10000	1
229	0.8	10000	1
199	0	10000	1
229	0.9	10000	1
199	0	10000	1
229	1	10000	1
199	0	10000	1
229	1.1	10000	1
199	0	10000	1
229	1.2	10000	1
199	0	10000	1
229	1.3	10000	1
199	0	10000	1
229	1.4	10000	1
199	0	10000	1
229	1.5	10000	1
199	0	10000	1
229	1.6	10000	1
199	0	10000	1
229	1.7	10000	1
199	0	10000	1
229	1.8	10000	1
199	0	10000	1
229	1.9	10000	1
199	0	10000	1
229	2	10000	1
199	0	10000	1
263	0.1	10000	1
199	0	10000	1
263	0.2	10000	1
199	0	10000	1
263	0.3	10000	1
199	0	10000	1
263	0.4	10000	1
199	0	10000	1
263	0.5	10000	1
199	0	10000	1
263	0.6	10000	1
199	0	10000	1
263	0.7	10000	1
199	0	10000	1
263	0.8	10000	1
199	0	10000	1
263	0.9	10000	1
199	0	10000	1
263	1	10000	1
199	0	10000	1
263	1.1	10000	1
199	0	10000	1
263	1.2	10000	1
199	0	10000	1
263	1.3	10000	1
199	0	10000	1
263	1.4	10000	1
199	0	10000	1
263	1.5	10000	1
199	0	10000	1
263	1.6	10000	1
199	0	10000	1
263	1.7	10000	1
199	0	10000	1
263	1.8	10000	1
199	0	10000	1
263	1.9	10000	1
199	0	10000	1
263	2	10000	1
199	0	10000	1
300	0.1	10000	1
199	0	10000	1
300	0.2	10000	1
199	0	10000	1
300	0.3	10000	1
199	0	10000	1
300	0.4	10000	1
199	0	10000	1
300	0.5	10000	1
199	0	10000	1
300	0.6	10000	1
199	0	10000	1
300	0.7	10000	1
199	0	10000	1
300	0.8	10000	1
199	0	10000	1
300	0.9	10000	1
199	0	10000	1
300	1	10000	1
199	0	10000	1
300	1.1	10000	1
199	0	10000	1
300	1.2	10000	1
199	0	10000	1
300	1.3	10000	1
199	0	10000	1
300	1.4	10000	1
199	0	10000	1
300	1.5	10000	1
199	0	10000	1
300	1.6	10000	1
199	0	10000	1
300	1.7	10000	1
199	0	10000	1
300	1.8	10000	1
199	0	10000	1
300	1.9	10000	1
199	0	10000	1
300	2	10000	1
199	0	10000	1