This is the data file used for calibration of the shaker
Frequency	Amplitude	UpdateRate	Duration
(Hz)	(Volts)	(Hz)	(Sec)
10.0000	0.10000	10000	1.0000
/ 199	0	10000	1
10	0	10000	1
199	0	10000	1
10	0.5	10000	1
199	0	10000	1
10	1	10000	1
199	0	10000	1
10	1.5	10000	1
199	0	10000	1
10	2	10000	1
199	0	10000	1
10	2.5	10000	1
199	0	10000	1
10	3	10000	1
199	0	10000	1
10	3.5	10000	1
199	0	10000	1
10	4	10000	1
199	0	10000	1
15	0	10000	1
199	0	10000	1
15	0.1	10000	1
199	0	10000	1
15	0.2	10000	1
199	0	10000	1
15	0.3	10000	1
199	0	10000	1
15	0.4	10000	1
199	0	10000	1
15	0.5	10000	1
199	0	10000	1
15	0.6	10000	1
199	0	10000	1
15	0.7	10000	1
199	0	10000	1
15	0.8	10000	1
199	0	10000	1
15	0.9	10000	1
199	0	10000	1
15	1.0	10000	1
199	0	10000	1
15	1.1	10000	1
199	0	10000	1
15	1.2	10000	1
199	0	10000	1
15	1.3	10000	1
199	0	10000	1
15	1.4	10000	1
199	0	10000	1
15	1.5	10000	1
199	0	10000	1
15	1.6	10000	1
199	0	10000	1
15	1.7	10000	1
199	0	10000	1
15	1.8	10000	1
199	0	10000	1
15	1.9	10000	1
199	0	10000	1
15	2.0	10000	1
199	0	10000	1
25	0	10000	1
199	0	10000	1
25	0.05	10000	1
199	0	10000	1
25	0.1	10000	1
199	0	10000	1
25	0.15	10000	1
199	0	10000	1
25	0.2	10000	1
199	0	10000	1
25	0.25	10000	1
199	0	10000	1
25	0.3	10000	1
199	0	10000	1
25	0.35	10000	1
199	0	10000	1
25	0.4	10000	1
199	0	10000	1
25	0.45	10000	1
199	0	10000	1
25	0.5	10000	1
199	0	10000	1
25	0.55	10000	1
199	0	10000	1
25	0.6	10000	1
199	0	10000	1
25	0.65	10000	1
199	0	10000	1
25	0.7	10000	1
199	0	10000	1
25	0.75	10000	1
199	0	10000	1
25	0.8	10000	1
199	0	10000	1
25	0.85	10000	1
199	0	10000	1
25	0.9	10000	1
199	0	10000	1
35	0	10000	1
199	0	10000	1
35	0.02	10000	1
199	0	10000	1
35	0.04	10000	1
199	0	10000	1
35	0.06	10000	1
199	0	10000	1
35	0.08	10000	1
199	0	10000	1
35	0.1	10000	1
199	0	10000	1
35	0.12	10000	1
199	0	10000	1
35	0.14	10000	1
199	0	10000	1
35	0.16	10000	1
199	0	10000	1
35	0.18	10000	1
199	0	10000	1
35	0.20	10000	1
199	0	10000	1
35	0.22	10000	1
199	0	10000	1
35	0.24	10000	1
199	0	10000	1
35	0.26	10000	1
199	0	10000	1
35	0.28	10000	1
199	0	10000	1
35	0.3	10000	1
199	0	10000	1
35	0.32	10000	1
199	0	10000	1
35	0.34	10000	1
199	0	10000	1
35	0.36	10000	1
199	0	10000	1
35	0.38	10000	1
199	0	10000	1
35	0.40	10000	1
199	0	10000	1
50	0	10000	1
199	0	10000	1
50	0.015	10000	1
199	0	10000	1
50	0.03	10000	1
199	0	10000	1
50	0.045	10000	1
199	0	10000	1
50	0.06	10000	1
199	0	10000	1
50	0.075	10000	1
199	0	10000	1
50	0.09	10000	1
199	0	10000	1
50	0.105	10000	1
199	0	10000	1
50	0.12	10000	1
199	0	10000	1
50	0.135	10000	1
199	0	10000	1
50	0.15	10000	1
199	0	10000	1
50	0.165	10000	1
199	0	10000	1
50	0.18	10000	1
199	0	10000	1
50	0.195	10000	1
199	0	10000	1
50	0.21	10000	1
199	0	10000	1
70	0	10000	1
199	0	10000	1
70	0.015	10000	1
199	0	10000	1
70	0.03	10000	1
199	0	10000	1
70	0.045	10000	1
199	0	10000	1
70	0.06	10000	1
199	0	10000	1
70	0.075	10000	1
199	0	10000	1
70	0.09	10000	1
199	0	10000	1
70	0.105	10000	1
199	0	10000	1
70	0.12	10000	1
199	0	10000	1
70	0.135	10000	1
199	0	10000	1
70	0.15	10000	1
199	0	10000	1
70	0.165	10000	1
199	0	10000	1
70	0.18	10000	1
199	0	10000	1
70	0.195	10000	1
199	0	10000	1
70	0.21	10000	1
199	0	10000	1
100	0	10000	1
199	0	10000	1
100	0.01	10000	1
199	0	10000	1
100	0.02	10000	1
199	0	10000	1
100	0.03	10000	1
199	0	10000	1
100	0.04	10000	1
199	0	10000	1
100	0.05	10000	1
199	0	10000	1
100	0.06	10000	1
199	0	10000	1
100	0.07	10000	1
199	0	10000	1
100	0.08	10000	1
199	0	10000	1
100	0.09	10000	1
199	0	10000	1
100	0.10	10000	1
199	0	10000	1
100	0.11	10000	1
199	0	10000	1
100	0.12	10000	1
199	0	10000	1
100	0.13	10000	1
199	0	10000	1
100	0.14	10000	1
199	0	10000	1
100	0.15	10000	1
199	0	10000	1
135	0	10000	1
199	0	10000	1
135	0.01	10000	1
199	0	10000	1
135	0.02	10000	1
199	0	10000	1
135	0.03	10000	1
199	0	10000	1
135	0.04	10000	1
199	0	10000	1
135	0.05	10000	1
199	0	10000	1
135	0.06	10000	1
199	0	10000	1
135	0.07	10000	1
199	0	10000	1
135	0.08	10000	1
199	0	10000	1
135	0.09	10000	1
199	0	10000	1
135	0.1	10000	1
199	0	10000	1
135	0.11	10000	1
199	0	10000	1
135	0.12	10000	1
199	0	10000	1
135	0.13	10000	1
199	0	10000	1
135	0.14	10000	1
199	0	10000	1
135	0.15	10000	1
199	0	10000	1
200	0	10000	1
199	0	10000	1
200	0.02	10000	1
199	0	10000	1
200	0.04	10000	1
199	0	10000	1
200	0.06	10000	1
199	0	10000	1
200	0.08	10000	1
199	0	10000	1
200	0.1	10000	1
199	0	10000	1
200	0.12	10000	1
199	0	10000	1
200	0.14	10000	1
199	0	10000	1
200	0.16	10000	1
199	0	10000	1
200	0.18	10000	1
199	0	10000	1
200	0.2	10000	1
199	0	10000	1
200	0.22	10000	1
199	0	10000	1
200	0.24	10000	1
199	0	10000	1
200	0.26	10000	1
199	0	10000	1
200	0.28	10000	1
199	0	10000	1
200	0.3	10000	1
199	0	10000	1
270	0	10000	1
199	0	10000	1
270	0.025	10000	1
199	0	10000	1
270	0.05	10000	1
199	0	10000	1
270	0.075	10000	1
199	0	10000	1
270	0.1	10000	1
199	0	10000	1
270	0.125	10000	1
199	0	10000	1
270	0.15	10000	1
199	0	10000	1
270	0.175	10000	1
199	0	10000	1
270	0.2	10000	1
199	0	10000	1
270	0.225	10000	1
199	0	10000	1
270	0.25	10000	1
199	0	10000	1
270	0.275	10000	1
199	0	10000	1
270	0.3	10000	1
199	0	10000	1
270	0.325	10000	1
199	0	10000	1
270	0.35	10000	1
199	0	10000	1
270	0.375	10000	1
199	0	10000	1
380	0	10000	1
199	0	10000	1
380	0.15	10000	1
199	0	10000	1
380	0.3	10000	1
199	0	10000	1
380	0.45	10000	1
199	0	10000	1
380	0.6	10000	1
199	0	10000	1
380	0.75	10000	1
199	0	10000	1
380	0.9	10000	1
199	0	10000	1
380	1.05	10000	1
199	0	10000	1
380	1.2	10000	1
199	0	10000	1
380	1.35	10000	1
199	0	10000	1
380	1.5	10000	1
199	0	10000	1
550	0	10000	1
199	0	10000	1
550	0.4	10000	1
199	0	10000	1
550	0.8	10000	1
199	0	10000	1
550	1.2	10000	1
199	0	10000	1
550	1.6	10000	1
199	0	10000	1
550	2	10000	1
199	0	10000	1
550	2.4	10000	1
199	0	10000	1
550	2.8	10000	1
199	0	10000	1
550	3.2	10000	1
199	0	10000	1
550	3.6	10000	1
199	0	10000	1